0 0.5807291666666666 0.2970377604166667 0.08723958333333333 0.1474609375
8 0.4422200520833333 0.3157552083333333 0.027018229166666668 0.016927083333333332
8 0.3142903645833333 0.3430989583333333 0.017903645833333332 0.016276041666666668
3 0.5595703125 0.5348307291666666 0.3313802083333333 0.08854166666666667
8 0.2760416666666667 0.40234375 0.017578125 0.013671875
8 0.3577473958333333 0.3251953125 0.010416666666666666 0.013020833333333334
0 0.5846354166666666 0.2848307291666667 0.09505208333333333 0.10677083333333333
11 0.6103515625 0.17919921875 0.07486979166666667 0.015299479166666666
8 0.4055989583333333 0.310546875 0.012369791666666666 0.013671875
3 0.5511067708333334 0.5305989583333334 0.3235677083333333 0.12174479166666667
3 0.5584309895833334 0.5524088541666666 0.3349609375 0.11458333333333333
0 0.5807291666666666 0.3058268229166667 0.11067708333333333 0.1572265625
