1 0.29296875 0.30451388888888886 0.1154513888888889 0.1701388888888889
0 0.5451388888888888 0.43854166666666666 0.1293402777777778 0.17777777777777778
11 0.14192708333333334 0.6439236111111111 0.05642361111111111 0.20381944444444444
9 0.2105034722222222 0.6241319444444444 0.10590277777777778 0.13854166666666667
10 0.12803819444444445 0.7986111111111112 0.04774305555555555 0.05416666666666667
11 0.3009982638888889 0.31024305555555554 0.1566840277777778 0.109375
10 0.1362847222222222 0.7776041666666667 0.05295138888888889 0.08923611111111111
11 0.2764756944444444 0.34149305555555554 0.1527777777777778 0.221875
13 0.220703125 0.4215277777777778 0.09331597222222222 0.03263888888888889
11 0.12803819444444445 0.7986111111111112 0.04774305555555555 0.05416666666666667
11 0.12391493055555555 0.8026041666666667 0.04210069444444445 0.06631944444444444
0 0.5462239583333334 0.43350694444444443 0.13151041666666666 0.1607638888888889
13 0.6916232638888888 0.30052083333333335 0.039496527777777776 0.03090277777777778
13 0.2734375 0.48802083333333335 0.1111111111111111 0.3385416666666667
11 0.1362847222222222 0.7776041666666667 0.05295138888888889 0.08923611111111111
10 0.12391493055555555 0.8026041666666667 0.04210069444444445 0.06631944444444444
13 0.2504340277777778 0.40572916666666664 0.14322916666666666 0.14131944444444444
1 0.2734375 0.48802083333333335 0.1111111111111111 0.3385416666666667
13 0.203125 0.63125 0.09895833333333333 0.12986111111111112
