11 0.7272338606241984 0.32819128422676436 0.28730226592560926 0.22059390667180873
0 0.6239846088071825 0.42344774392595447 0.11842667806755024 0.1434631700732742
10 0.8227875160324926 0.7150019282684149 0.1996579734929457 0.21056691091399923
7 0.7832407011543394 0.6091399922869264 0.08294142796066695 0.10296953335904357
11 0.7176143651132962 0.30543771693019667 0.2526720820863617 0.14731970690320093
13 0.8604104318084651 0.5634400308522947 0.0867892261650278 0.02236791361357501
10 0.7898674647285164 0.7618588507520246 0.28003420265070544 0.19706903200925568
0 0.612654980761009 0.4080215966062476 0.14878153056861906 0.129579637485538
13 0.8031209918768705 0.6000771307365985 0.1911073108165883 0.11569610489780177
10 0.7836682342881574 0.7360200539915156 0.27960666951688756 0.24103355187042036
7 0.7539546814878153 0.6220593906671809 0.15775972637879435 0.15426147319706904
4 0.7832407011543394 0.6091399922869264 0.08294142796066695 0.10296953335904357
13 0.8507909362975631 0.5620902429618203 0.09662248824283882 0.028924026224450443
